mass_A
t	x	y
1.000000000E-2	-6.827560300E-1	6.834165869E-1
2.000000000E-2	-6.819749894E-1	6.824525190E-1
3.000000000E-2	-6.801533843E-1	6.800503415E-1
4.000000000E-2	-6.783280552E-1	6.772095976E-1
5.000000000E-2	-6.762179809E-1	6.735597020E-1
6.000000000E-2	-6.738337691E-1	6.695538667E-1
7.000000000E-2	-6.711859375E-1	6.652795331E-1
8.000000000E-2	-6.679622057E-1	6.604140415E-1
9.000000000E-2	-6.647107656E-1	6.545094699E-1
1.000000000E-1	-6.611233268E-1	6.483064015E-1
1.100000000E-1	-6.571928230E-1	6.419476214E-1
1.200000000E-1	-6.530417871E-1	6.349323814E-1
1.300000000E-1	-6.483742119E-1	6.269160373E-1
1.400000000E-1	-6.430926586E-1	6.191557680E-1
1.500000000E-1	-6.377154515E-1	6.104259309E-1
1.600000000E-1	-6.324039064E-1	6.006862385E-1
1.700000000E-1	-6.261493178E-1	5.911378317E-1
1.800000000E-1	-6.201326082E-1	5.805837533E-1
1.900000000E-1	-6.133126799E-1	5.698320361E-1
2.000000000E-1	-6.061617595E-1	5.587114051E-1
2.100000000E-1	-5.986915151E-1	5.469871259E-1
2.200000000E-1	-5.909151061E-1	5.344121395E-1
2.300000000E-1	-5.831456655E-1	5.212061968E-1
2.400000000E-1	-5.746093379E-1	5.082232393E-1
2.500000000E-1	-5.659285444E-1	4.946300952E-1
2.600000000E-1	-5.568104458E-1	4.802939438E-1
2.700000000E-1	-5.473041855E-1	4.656149466E-1
2.800000000E-1	-5.376907358E-1	4.497290617E-1
2.900000000E-1	-5.269073825E-1	4.341427395E-1
3.000000000E-1	-5.155410706E-1	4.176813260E-1
3.100000000E-1	-5.050054778E-1	4.017076862E-1
3.200000000E-1	-4.927897142E-1	3.836591091E-1
3.300000000E-1	-4.818353855E-1	3.654461919E-1
3.400000000E-1	-4.690634046E-1	3.468291855E-1
3.500000000E-1	-4.563258992E-1	3.276323587E-1
3.600000000E-1	-4.428536985E-1	3.085242860E-1
3.700000000E-1	-4.289929895E-1	2.886151170E-1
3.800000000E-1	-4.146048427E-1	2.684992753E-1
3.900000000E-1	-3.993228151E-1	2.480917962E-1
4.000000000E-1	-3.832048256E-1	2.278208793E-1
4.100000000E-1	-3.660826867E-1	2.077291126E-1
4.200000000E-1	-3.479930235E-1	1.873952066E-1
4.300000000E-1	-3.282171536E-1	1.676416823E-1
4.400000000E-1	-3.080581261E-1	1.482802379E-1
4.500000000E-1	-2.869711233E-1	1.296050470E-1
4.600000000E-1	-2.639464510E-1	1.112255217E-1
4.700000000E-1	-2.398695423E-1	9.428317960E-2
4.800000000E-1	-2.144857046E-1	7.835715938E-2
4.900000000E-1	-1.876156021E-1	6.371480624E-2
5.000000000E-1	-1.599615162E-1	5.081836115E-2
5.100000000E-1	-1.311129270E-1	3.961165247E-2
5.200000000E-1	-9.978726837E-2	3.185592632E-2
5.300000000E-1	-7.076962157E-2	2.291105094E-2
5.400000000E-1	-4.032467672E-2	1.816022372E-2
5.500000000E-1	-9.500062042E-3	1.598910743E-2
5.600000000E-1	2.155118850E-2	1.661888817E-2
5.700000000E-1	5.211065200E-2	1.999485487E-2
5.800000000E-1	8.087514540E-2	2.685654879E-2
5.900000000E-1	1.105735059E-1	3.431158714E-2
6.000000000E-1	1.394969172E-1	4.478604826E-2
6.100000000E-1	1.664214371E-1	5.691941835E-2
6.200000000E-1	1.924680267E-1	7.101288791E-2
6.300000000E-1	2.169731320E-1	8.652111067E-2
6.400000000E-1	2.402541719E-1	1.029725792E-1
6.500000000E-1	2.621235101E-1	1.199098982E-1
6.600000000E-1	2.842448843E-1	1.426386636E-1
6.700000000E-1	3.038192431E-1	1.564254173E-1
6.800000000E-1	3.226915872E-1	1.736424027E-1
6.900000000E-1	3.413705365E-1	1.920215751E-1
7.000000000E-1	3.589996257E-1	2.105978994E-1
7.100000000E-1	3.754668223E-1	2.293582632E-1
7.200000000E-1	3.913526698E-1	2.479961612E-1
7.300000000E-1	4.060524227E-1	2.667862467E-1
7.400000000E-1	4.196818519E-1	2.848167332E-1
7.500000000E-1	4.328940558E-1	3.022739920E-1
7.600000000E-1	4.450627390E-1	3.197587743E-1
7.700000000E-1	4.571568304E-1	3.363933293E-1
7.800000000E-1	4.685030334E-1	3.525419069E-1
7.900000000E-1	4.795326186E-1	3.680977603E-1
8.000000000E-1	4.872884858E-1	3.867302271E-1
8.100000000E-1	5.001289027E-1	3.993988141E-1
8.200000000E-1	5.099565993E-1	4.141795083E-1
8.300000000E-1	5.191850903E-1	4.286163033E-1
8.400000000E-1	5.282498911E-1	4.428618943E-1
8.500000000E-1	5.369056665E-1	4.565732142E-1
8.600000000E-1	5.452960540E-1	4.695875934E-1
8.700000000E-1	5.531211410E-1	4.820011372E-1
8.800000000E-1	5.604664191E-1	4.939831566E-1
8.900000000E-1	5.678655665E-1	5.053572270E-1
9.000000000E-1	5.746697920E-1	5.161785980E-1
9.100000000E-1	5.811299417E-1	5.263480654E-1
9.200000000E-1	5.867897268E-1	5.363763044E-1
9.300000000E-1	5.923184152E-1	5.457864220E-1
9.400000000E-1	5.977977952E-1	5.548935349E-1
9.500000000E-1	6.032547882E-1	5.628186999E-1
9.600000000E-1	6.084459530E-1	5.701875932E-1
9.700000000E-1	6.133299307E-1	5.774551938E-1
9.800000000E-1	6.177512638E-1	5.843528308E-1
9.900000000E-1	6.218940330E-1	5.906026610E-1
1.000000000E0	6.258779441E-1	5.964582588E-1
1.010000000E0	6.296528106E-1	6.017693873E-1
1.020000000E0	6.332395117E-1	6.068712508E-1
1.030000000E0	6.360161034E-1	6.116426302E-1
1.040000000E0	6.383753939E-1	6.156687878E-1
1.050000000E0	6.407754204E-1	6.192832917E-1
1.060000000E0	6.427438064E-1	6.218868081E-1
1.070000000E0	6.444565189E-1	6.244538430E-1
1.080000000E0	6.458719414E-1	6.265910319E-1
1.090000000E0	6.467887773E-1	6.281757861E-1
1.100000000E0	6.470754190E-1	6.287907822E-1
1.110000000E0	6.479631597E-1	6.292880066E-1
1.120000000E0	6.482755426E-1	6.292362960E-1
1.130000000E0	6.473180378E-1	6.283164764E-1
1.140000000E0	6.462568113E-1	6.270422127E-1
1.150000000E0	6.455755273E-1	6.256135028E-1
1.160000000E0	6.440071736E-1	6.229560779E-1
1.170000000E0	6.418675150E-1	6.197221517E-1
1.180000000E0	6.398261917E-1	6.164658245E-1
1.190000000E0	6.371798980E-1	6.126327201E-1
